000000831458020200158581008                                                                 01585810080000           
000000316368020200412040601                                                                 04120406010000           
000000474340020200127070468                                                                 01270704680000           
000000160071020200160950612                                                                 01609506120000           
000000800698020190168480102                                                                 01684801020000           
000000108312020190109280108                                                                 01092801080000           
000000208203020190215020622                                                                 02150206220000           
000000112558020190113001319                                                                 01130013190000           
000000112557020190113001318                                                                 01130013180000           
000000208219020190215020634                                                                 02150206340000           
000000107635020190109111003                                                                 01091110030000           
000000115948020190116030914                                                                 01160309140000           
000000221163020190223020401                                                                 02230204010000           
000000167001020180164921120                                                                 01649211200000           
000000119862020190119130501                                                                 01191305010000           
000000103932020190104040506                                                                 01040405060000           
000000829234020190152230183                                                                 01522301830000           
000000158801020190160070940                                        WR327802                 01600709400000           
000000328881020190417200409                                                                 04172004090000           
000000243317020190239190113                                                                 02391901130000           
000000327856020190417100839                                                                 04171008390000           
000000270971020190266230111                                                                 02662301110000           
000000271017020190266230214                                                                 02662302140000           
000000189099020190202071008                                                                 02020710080000           
